partiesfile version 1
481 481
 1 0 0 p_main_party Main_Party 1048576 0 0 28 0 0 0 0 0 325.000000 -85.000000 325.000000 -85.000000 325.000000 -85.000000 0.0 1 0 1 0 0 
0.000000
 1 1 1 p_temp_party {!}temp_party 256 0 0 1 0 0 0 0 0 325.000000 -85.000000 325.000000 -85.000000 325.000000 -85.000000 0.0 0 
0.000000
 1 2 2 p_camp_bandits {!}camp_bandits 256 0 0 2 0 0 0 0 0 325.000000 -85.000000 325.000000 -85.000000 325.000000 -85.000000 0.0 1 3 3 0 0 
0.000000
 1 3 3 p_temp_party_2 {!}temp_party_2 256 0 0 1 0 0 0 0 0 0.000000 0.000000 0.000000 0.000000 0.000000 0.000000 0.0 0 
0.000000
 1 4 4 p_temp_casualties {!}casualties 256 0 0 3 0 0 0 0 0 325.000000 -85.000000 325.000000 -85.000000 325.000000 -85.000000 0.0 0 
0.000000
 1 5 5 p_temp_casualties_2 {!}casualties 256 0 0 3 0 0 0 0 0 325.000000 -85.000000 325.000000 -85.000000 325.000000 -85.000000 0.0 0 
0.000000
 1 6 6 p_temp_casualties_3 {!}casualties 256 0 0 3 0 0 0 0 0 325.000000 -85.000000 325.000000 -85.000000 325.000000 -85.000000 0.0 0 
0.000000
 1 7 7 p_temp_wounded {!}enemies_wounded 256 0 0 3 0 0 0 0 0 325.000000 -85.000000 325.000000 -85.000000 325.000000 -85.000000 0.0 0 
0.000000
 1 8 8 p_temp_killed {!}enemies_killed 256 0 0 3 0 0 0 0 0 325.000000 -85.000000 325.000000 -85.000000 325.000000 -85.000000 0.0 0 
0.000000
 1 9 9 p_main_party_backup {!}_ 256 0 0 3 0 0 0 0 0 325.000000 -85.000000 325.000000 -85.000000 325.000000 -85.000000 0.0 0 
0.000000
 1 10 10 p_encountered_party_backup {!}_ 256 0 0 3 0 0 0 0 0 325.000000 -85.000000 325.000000 -85.000000 325.000000 -85.000000 0.0 0 
0.000000
 1 11 11 p_collective_friends_backup {!}_ 256 0 0 3 0 0 0 0 0 325.000000 -85.000000 325.000000 -85.000000 325.000000 -85.000000 0.0 0 
0.000000
 1 12 12 p_player_casualties {!}_ 256 0 0 3 0 0 0 0 0 325.000000 -85.000000 325.000000 -85.000000 325.000000 -85.000000 0.0 0 
0.000000
 1 13 13 p_enemy_casualties {!}_ 256 0 0 3 0 0 0 0 0 325.000000 -85.000000 325.000000 -85.000000 325.000000 -85.000000 0.0 0 
0.000000
 1 14 14 p_ally_casualties {!}_ 256 0 0 3 0 0 0 0 0 325.000000 -85.000000 325.000000 -85.000000 325.000000 -85.000000 0.0 0 
0.000000
 1 15 15 p_collective_enemy {!}collective_enemy 256 0 0 3 0 0 0 0 0 325.000000 -85.000000 325.000000 -85.000000 325.000000 -85.000000 0.0 0 
0.000000
 1 16 16 p_collective_ally {!}collective_ally 256 0 0 3 0 0 0 0 0 325.000000 -85.000000 325.000000 -85.000000 325.000000 -85.000000 0.0 0 
0.000000
 1 17 17 p_collective_friends {!}collective_ally 256 0 0 3 0 0 0 0 0 325.000000 -85.000000 325.000000 -85.000000 325.000000 -85.000000 0.0 0 
0.000000
 1 18 18 p_total_enemy_casualties {!}_ 256 0 0 3 0 0 0 0 0 325.000000 -85.000000 325.000000 -85.000000 325.000000 -85.000000 0.0 0 
0.000000
 1 19 19 p_routed_enemies {!}routed_enemies 256 0 0 3 0 0 0 0 0 325.000000 -85.000000 325.000000 -85.000000 325.000000 -85.000000 0.0 0 
0.000000
 1 20 20 p_freelancer_party_backup {!} 256 0 0 3 0 0 0 0 0 1.000000 1.000000 1.000000 1.000000 1.000000 1.000000 0.0 0 
0.000000
 1 21 21 p_zendar Zendar 2114841 0 0 3 0 0 0 0 0 280.000000 -310.000000 280.000000 -310.000000 280.000000 -310.000000 0.0 0 
0.000000
 1 22 22 p_town_1 Halifax 4219923 0 0 3 0 0 0 0 0 -270.000000 -199.240000 -270.000000 -199.240000 -270.000000 -199.240000 0.0 0 
2.967060
 1 23 23 p_town_2 Boston 4219923 0 0 3 0 0 0 0 0 -158.200000 -161.290000 -158.200000 -161.290000 -158.200000 -161.290000 0.0 0 
5.061455
 1 24 24 p_town_3 Newport 4219923 0 0 3 0 0 0 0 0 -148.500000 -148.410000 -148.500000 -148.410000 -148.500000 -148.410000 0.0 0 
2.094395
 1 25 25 p_town_4 New_York 4219923 0 0 3 0 0 0 0 0 -105.820000 -140.440000 -105.820000 -140.440000 -105.820000 -140.440000 0.0 0 
2.967060
 1 26 26 p_town_5 Philadelphia 4219923 0 0 3 0 0 0 0 0 -79.530000 -117.760000 -79.530000 -117.760000 -79.530000 -117.760000 0.0 0 
1.396263
 1 27 27 p_town_6 Charlestowne 4219923 0 0 3 0 0 0 0 0 1.050000 3.110000 1.050000 3.110000 1.050000 3.110000 0.0 0 
1.570796
 1 28 28 p_town_7 Nassau 4219923 0 0 3 0 0 0 0 0 -41.850000 136.180000 -41.850000 136.180000 -41.850000 136.180000 0.0 0 
2.879793
 1 29 29 p_town_8 Kingston 4219923 0 0 3 0 0 0 0 0 -51.070000 259.530000 -51.070000 259.530000 -51.070000 259.530000 0.0 0 
3.403392
 1 30 30 p_town_9 Louisbourg 4219921 0 0 3 0 0 0 0 0 -336.210000 -223.400000 -336.210000 -223.400000 -336.210000 -223.400000 0.0 0 
3.926991
 1 31 31 p_town_10 Québec 4219921 0 0 3 0 0 0 0 0 -171.000000 -260.210000 -171.000000 -260.210000 -171.000000 -260.210000 0.0 0 
2.705260
 1 32 32 p_town_11 Montréal 4219921 0 0 3 0 0 0 0 0 -98.630000 -217.920000 -98.630000 -217.920000 -98.630000 -217.920000 0.0 0 
4.188790
 1 33 33 p_town_12 New_Orleans 4219921 0 0 3 0 0 0 0 0 167.480000 63.260000 167.480000 63.260000 167.480000 63.260000 0.0 0 
4.188790
 1 34 34 p_town_13 Cap-Français 4219921 0 0 3 0 0 0 0 0 -126.000000 224.000000 -126.000000 224.000000 -126.000000 224.000000 0.0 0 
2.879793
 1 35 35 p_town_14 Saint_Pierre 4219921 0 0 3 0 0 0 0 0 -322.630000 315.810000 -322.630000 315.810000 -322.630000 315.810000 0.0 0 
5.410521
 1 36 36 p_town_15 St._Augustine 4219925 0 0 3 0 0 0 0 0 27.120000 46.900000 27.120000 46.900000 27.120000 46.900000 0.0 0 
2.617994
 1 37 37 p_town_16 Havana 4219925 0 0 3 0 0 0 0 0 41.000000 170.000000 41.000000 170.000000 41.000000 170.000000 0.0 0 
1.308997
 1 38 38 p_town_17 Santo_Domingo 4219925 0 0 3 0 0 0 0 0 -169.000000 253.000000 -169.000000 253.000000 -169.000000 253.000000 0.0 0 
4.712389
 1 39 39 p_town_18 Veracruz 4219925 0 0 3 0 0 0 0 0 267.110000 245.950000 267.110000 245.950000 267.110000 245.950000 0.0 0 
1.047198
 1 40 40 p_town_19 Ciudad_de_Mexico 4219925 0 0 3 0 0 0 0 0 338.890000 240.340000 338.890000 240.340000 338.890000 240.340000 0.0 0 
2.356194
 1 41 41 p_town_20 Onondaga 4219919 0 0 3 0 0 0 0 0 -63.580000 -178.920000 -63.580000 -178.920000 -63.580000 -178.920000 0.0 0 
2.356194
 1 42 42 p_town_21 Chota 4219919 0 0 3 0 0 0 0 0 98.930000 -51.410000 98.930000 -51.410000 98.930000 -51.410000 0.0 0 
2.094395
 1 43 43 p_town_22 Odanak 4219919 0 0 3 0 0 0 0 0 -146.430000 -235.950000 -146.430000 -235.950000 -146.430000 -235.950000 0.0 0 
4.712389
 1 44 44 p_town_23 Nowdaga 4219919 0 0 3 0 0 0 0 0 -87.540000 -180.580000 -87.540000 -180.580000 -87.540000 -180.580000 0.0 0 
4.188790
 1 45 45 p_town_24 Sunyendeand 4219919 0 0 3 0 0 0 0 0 45.570000 -147.540000 45.570000 -147.540000 45.570000 -147.540000 0.0 0 
2.094395
 1 46 46 p_town_25 Wyolutimunk 4219919 0 0 3 0 0 0 0 0 -71.260000 -158.590000 -71.260000 -158.590000 -71.260000 -158.590000 0.0 0 
3.926991
 1 47 47 p_town_26 Goschachgunk 4219919 0 0 3 0 0 0 0 0 17.230000 -130.050000 17.230000 -130.050000 17.230000 -130.050000 0.0 0 
3.926991
 1 48 48 p_town_27 Kiikayonki 4219919 0 0 3 0 0 0 0 0 99.870000 -127.710000 99.870000 -127.710000 99.870000 -127.710000 0.0 0 
5.986479
 1 49 49 p_town_28 Sonnontio 4219919 0 0 3 0 0 0 0 0 43.020000 -95.580000 43.020000 -95.580000 43.020000 -95.580000 0.0 0 
3.926991
 1 50 50 p_town_29 Waawiyaatanong 4219919 0 0 3 0 0 0 0 0 54.940000 -163.040000 54.940000 -163.040000 54.940000 -163.040000 0.0 0 
4.904375
 1 51 51 p_town_30 Zhaagawaamikong 4219919 0 0 3 0 0 0 0 0 189.270000 -239.470000 189.270000 -239.470000 189.270000 -239.470000 0.0 0 
3.926991
 1 52 52 p_town_31 Aniquiba 4219919 0 0 3 0 0 0 0 0 109.130000 -155.880000 109.130000 -155.880000 109.130000 -155.880000 0.0 0 
2.356194
 1 53 53 p_town_32 Oklahannali 4219919 0 0 3 0 0 0 0 0 168.870000 -0.110000 168.870000 -0.110000 168.870000 -0.110000 0.0 0 
3.926991
 1 54 54 p_town_33 Chokkilissa 4219919 0 0 3 0 0 0 0 0 172.060000 -31.860000 172.060000 -31.860000 172.060000 -31.860000 0.0 0 
3.926991
 1 55 55 p_town_34 Coweta 4219919 0 0 3 0 0 0 0 0 99.600000 4.410000 99.600000 4.410000 99.600000 4.410000 0.0 0 
5.497787
 1 56 56 p_castle_1 Fort_Augusta,_GA 4215830 0 0 3 0 0 0 0 0 41.170000 -16.550000 41.170000 -16.550000 41.170000 -16.550000 0.0 0 
0.872665
 1 57 57 p_castle_2 Fort_Dobbs 4215830 0 0 3 0 0 0 0 0 11.400000 -57.550000 11.400000 -57.550000 11.400000 -57.550000 0.0 0 
1.308997
 1 58 58 p_castle_3 Fort_Edward,_NS 4215830 0 0 3 0 0 0 0 0 -265.280000 -205.880000 -265.280000 -205.880000 -265.280000 -205.880000 0.0 0 
1.745329
 1 59 59 p_castle_4 Fort_Edward,_NY 4215830 0 0 3 0 0 0 0 0 -110.780000 -186.890000 -110.780000 -186.890000 -110.780000 -186.890000 0.0 0 
3.141593
 1 60 60 p_castle_5 Fort_Cumberland 4215830 0 0 3 0 0 0 0 0 -14.130000 -105.460000 -14.130000 -105.460000 -14.130000 -105.460000 0.0 0 
1.570796
 1 61 61 p_castle_6 Fort_Lyttleton 4215830 0 0 3 0 0 0 0 0 -35.120000 -122.910000 -35.120000 -122.910000 -35.120000 -122.910000 0.0 0 
0.959931
 1 62 62 p_castle_7 Fort_Augusta,_PA 4215830 0 0 3 0 0 0 0 0 -61.710000 -137.880000 -61.710000 -137.880000 -61.710000 -137.880000 0.0 0 
0.785398
 1 63 63 p_castle_8 Fort_George 4215830 0 0 3 0 0 0 0 0 -103.380000 -140.650000 -103.380000 -140.650000 -103.380000 -140.650000 0.0 0 
0.523599
 1 64 64 p_castle_9 Fort_Loudon 4215830 0 0 3 0 0 0 0 0 105.520000 -50.930000 105.520000 -50.930000 105.520000 -50.930000 0.0 0 
1.745329
 1 65 65 p_castle_10 Fort_Bedford 4215830 0 0 3 0 0 0 0 0 -21.380000 -121.590000 -21.380000 -121.590000 -21.380000 -121.590000 0.0 0 
1.919862
 1 66 66 p_castle_11 Fort_Ligonier 4215830 0 0 3 0 0 0 0 0 -10.640000 -121.480000 -10.640000 -121.480000 -10.640000 -121.480000 0.0 0 
1.308997
 1 67 67 p_castle_12 Fort_Prince_George 4215830 0 0 3 0 0 0 0 0 58.540000 -36.210000 58.540000 -36.210000 58.540000 -36.210000 0.0 0 
1.658063
 1 68 68 p_castle_13 Rogers'_Island 4215830 0 0 3 0 0 0 0 0 -107.290000 -186.330000 -107.290000 -186.330000 -107.290000 -186.330000 0.0 0 
2.007129
 1 69 69 p_castle_14 Fort_Seybert 4215830 0 0 3 0 0 0 0 0 -3.920000 -93.550000 -3.920000 -93.550000 -3.920000 -93.550000 0.0 0 
1.570796
 1 70 70 p_castle_15 Falmouth_Fort 4215830 0 0 3 0 0 0 0 0 -187.740000 -190.830000 -187.740000 -190.830000 -187.740000 -190.830000 0.0 0 
4.101524
 1 71 71 p_castle_16 Fort_Anne 4215830 0 0 3 0 0 0 0 0 -246.380000 -202.830000 -246.380000 -202.830000 -246.380000 -202.830000 0.0 0 
2.094395
 1 72 72 p_castle_17 Fort_Number_Four 4215830 0 0 3 0 0 0 0 0 -138.070000 -180.870000 -138.070000 -180.870000 -138.070000 -180.870000 0.0 0 
2.094395
 1 73 73 p_castle_18 Fort_Gaspareaux 4215830 0 0 3 0 0 0 0 0 -263.570000 -230.160000 -263.570000 -230.160000 -263.570000 -230.160000 0.0 0 
4.537856
 1 74 74 p_castle_19 Fort_Beausejour 4215830 0 0 3 0 0 0 0 0 -261.840000 -223.780000 -261.840000 -223.780000 -261.840000 -223.780000 0.0 0 
1.396263
 1 75 75 p_castle_20 Fort_Rosalie 4215830 0 0 3 0 0 0 0 0 197.610000 -0.550000 197.610000 -0.550000 197.610000 -0.550000 0.0 0 
0.785398
 1 76 76 p_castle_21 Fort_Saint-Jean-Baptiste 4215830 0 0 3 0 0 0 0 0 232.660000 -19.620000 232.660000 -19.620000 232.660000 -19.620000 0.0 0 
0.261799
 1 77 77 p_castle_22 Fort_Saint-Louis 4215830 0 0 3 0 0 0 0 0 196.520000 -81.390000 196.520000 -81.390000 196.520000 -81.390000 0.0 0 
5.235988
 1 78 78 p_castle_23 Fort_Vincennes 4215830 0 0 3 0 0 0 0 0 84.520000 -107.160000 84.520000 -107.160000 84.520000 -107.160000 0.0 0 
4.886922
 1 79 79 p_castle_24 Fort_de_Chartres 4215830 0 0 3 0 0 0 0 0 183.760000 -58.510000 183.760000 -58.510000 183.760000 -58.510000 0.0 0 
0.523599
 1 80 80 p_castle_25 Fort_Pontchartrain 4215830 0 0 3 0 0 0 0 0 56.640000 -160.090000 56.640000 -160.090000 56.640000 -160.090000 0.0 0 
1.570796
 1 81 81 p_castle_26 Fort_Duquesne 4215830 0 0 3 0 0 0 0 0 2.510000 -120.520000 2.510000 -120.520000 2.510000 -120.520000 0.0 0 
3.141593
 1 82 82 p_castle_27 Fort_Machault 4215830 0 0 3 0 0 0 0 0 -3.430000 -147.440000 -3.430000 -147.440000 -3.430000 -147.440000 0.0 0 
1.396263
 1 83 83 p_castle_28 Fort_LeBoeuf 4215830 0 0 3 0 0 0 0 0 -0.140000 -155.900000 -0.140000 -155.900000 -0.140000 -155.900000 0.0 0 
4.537856
 1 84 84 p_castle_29 Fort_Niagara 4215830 0 0 3 0 0 0 0 0 -13.100000 -177.450000 -13.100000 -177.450000 -13.100000 -177.450000 0.0 0 
2.094395
 1 85 85 p_castle_30 Fort_Frontenac 4215830 0 0 3 0 0 0 0 0 -62.710000 -200.380000 -62.710000 -200.380000 -62.710000 -200.380000 0.0 0 
4.537856
 1 86 86 p_castle_31 Fort_Levis 4215830 0 0 3 0 0 0 0 0 -77.210000 -207.810000 -77.210000 -207.810000 -77.210000 -207.810000 0.0 0 
1.570796
 1 87 87 p_castle_32 Fort_Carillon 4215830 0 0 3 0 0 0 0 0 -109.720000 -198.240000 -109.720000 -198.240000 -109.720000 -198.240000 0.0 0 
0.523599
 1 88 88 p_castle_33 Fort_Ile_aux_Noix 4215830 0 0 3 0 0 0 0 0 -115.510000 -213.060000 -115.510000 -213.060000 -115.510000 -213.060000 0.0 0 
4.886922
 1 89 89 p_castle_34 Fort_Saint-Jean 4215830 0 0 3 0 0 0 0 0 -124.310000 -219.230000 -124.310000 -219.230000 -124.310000 -219.230000 0.0 0 
3.141593
 1 90 90 p_castle_35 Fort_Menagoueche 4215830 0 0 3 0 0 0 0 0 -224.360000 -207.040000 -224.360000 -207.040000 -224.360000 -207.040000 0.0 0 
0.523599
 1 91 91 p_castle_36 Fort_Louisbourg 4215830 0 0 3 0 0 0 0 0 -334.350000 -222.600000 -334.350000 -222.600000 -334.350000 -222.600000 0.0 0 
3.141593
 1 92 92 p_castle_37 Fort_Conde 4215830 0 0 3 0 0 0 0 0 143.760000 37.100000 143.760000 37.100000 143.760000 37.100000 0.0 0 
2.094395
 1 93 93 p_castle_38 Fort_Sainte-Claire 4215830 0 0 3 0 0 0 0 0 -121.040000 250.610000 -121.040000 250.610000 -121.040000 250.610000 0.0 0 
1.047198
 1 94 94 p_castle_39 Fort_Saint-Frederic 4215830 0 0 3 0 0 0 0 0 -111.400000 -203.930000 -111.400000 -203.930000 -111.400000 -203.930000 0.0 0 
3.752458
 1 95 95 p_castle_40 Fort_Michillimackinac 4215830 0 0 3 0 0 0 0 0 85.770000 -219.930000 85.770000 -219.930000 85.770000 -219.930000 0.0 0 
0.174533
 1 96 96 p_castle_41 Fort_Miami 4215830 0 0 3 0 0 0 0 0 112.960000 -161.320000 112.960000 -161.320000 112.960000 -161.320000 0.0 0 
1.239184
 1 97 97 p_castle_42 Fort_des_Miamis 4215830 0 0 3 0 0 0 0 0 98.510000 -131.070000 98.510000 -131.070000 98.510000 -131.070000 0.0 0 
1.745329
 1 98 98 p_castle_43 Fort_Toulouse 4215830 0 0 3 0 0 0 0 0 124.870000 9.880000 124.870000 9.880000 124.870000 9.880000 0.0 0 
2.094395
 1 99 99 p_castle_44 Fort_Tombecbee 4215830 0 0 3 0 0 0 0 0 149.450000 11.270000 149.450000 11.270000 149.450000 11.270000 0.0 0 
2.094395
 1 100 100 p_castle_45 Fort_La_Pointe 4215830 0 0 3 0 0 0 0 0 185.070000 -244.240000 185.070000 -244.240000 185.070000 -244.240000 0.0 0 
2.094395
 1 101 101 p_castle_46 Fort_Toronto 4215830 0 0 3 0 0 0 0 0 -9.030000 -187.410000 -9.030000 -187.410000 -9.030000 -187.410000 0.0 0 
3.438299
 1 102 102 p_castle_47 Fort_Kaministiquia 4215830 0 0 3 0 0 0 0 0 180.640000 -260.130000 180.640000 -260.130000 180.640000 -260.130000 0.0 0 
2.094395
 1 103 103 p_castle_48 Fort_Saint_Charles 4215830 0 0 3 0 0 0 0 0 228.060000 -263.410000 228.060000 -263.410000 228.060000 -263.410000 0.0 0 
2.094395
 1 104 104 p_castle_49 Fort_Bourbon 4215830 0 0 3 0 0 0 0 0 236.500000 -303.690000 236.500000 -303.690000 236.500000 -303.690000 0.0 0 
2.094395
 1 105 105 p_castle_50 Fort_Presque_Isle 4215830 0 0 3 0 0 0 0 0 2.070000 -160.700000 2.070000 -160.700000 2.070000 -160.700000 0.0 0 
2.094395
 1 106 106 p_castle_51 Fort_Ouiatenon 4215830 0 0 3 0 0 0 0 0 123.310000 -120.240000 123.310000 -120.240000 123.310000 -120.240000 0.0 0 
3.665191
 1 107 107 p_castle_52 San_Marcos 4215830 0 0 3 0 0 0 0 0 73.570000 49.340000 73.570000 49.340000 73.570000 49.340000 0.0 0 
0.261799
 1 108 108 p_castle_53 Pensacola 4215830 0 0 3 0 0 0 0 0 120.200000 42.760000 120.200000 42.760000 120.200000 42.760000 0.0 0 
4.537856
 1 109 109 p_castle_54 El_Castillo_de_la_Inmaculada_Concepción 4215830 0 0 3 0 0 0 0 0 93.290000 348.430000 93.290000 348.430000 93.290000 348.430000 0.0 0 
1.396263
 1 110 110 p_castle_55 San_Antonio 4215832 0 0 3 0 0 0 0 0 290.020000 49.520000 290.020000 49.520000 290.020000 49.520000 0.0 0 
0.261799
 1 111 111 p_castle_56 San_Juan_de_Ulúa 4215831 0 0 3 0 0 0 0 0 274.840000 244.000000 274.840000 244.000000 274.840000 244.000000 0.0 0 
4.886922
 1 112 112 p_castle_57 San_Diego 4215832 0 0 3 0 0 0 0 0 343.940000 281.350000 343.940000 281.350000 343.940000 281.350000 0.0 0 
1.396263
 1 113 113 p_castle_58 Castillo_San_Felipe_del_Morro 4215832 0 0 3 0 0 0 0 0 -241.240000 252.050000 -241.240000 252.050000 -241.240000 252.050000 0.0 0 
0.261799
 1 114 114 p_castle_59 Castillo_de_San_Pedro_de_la_Roca 4215832 0 0 3 0 0 0 0 0 -70.000000 223.000000 -70.000000 223.000000 -70.000000 223.000000 0.0 0 
0.261799
 1 115 115 p_castle_60 Fortaleza_San_Felipe 4215832 0 0 3 0 0 0 0 0 -161.000000 227.000000 -161.000000 227.000000 -161.000000 227.000000 0.0 0 
1.047198
 1 116 116 p_castle_61 Chenussio 4215822 0 0 3 0 0 0 0 0 -24.150000 -172.550000 -24.150000 -172.550000 -24.150000 -172.550000 0.0 0 
1.396263
 1 117 117 p_castle_62 Goiogouen 4215822 0 0 3 0 0 0 0 0 -41.630000 -173.350000 -41.630000 -173.350000 -41.630000 -173.350000 0.0 0 
0.698132
 1 118 118 p_castle_63 Kanonwalohale 4215822 0 0 3 0 0 0 0 0 -77.880000 -189.340000 -77.880000 -189.340000 -77.880000 -189.340000 0.0 0 
2.094395
 1 119 119 p_castle_64 Yoghroonwago 4215822 0 0 3 0 0 0 0 0 -8.920000 -162.020000 -8.920000 -162.020000 -8.920000 -162.020000 0.0 0 
2.094395
 1 120 120 p_castle_65 Stecoa 4215822 0 0 3 0 0 0 0 0 58.350000 -58.960000 58.350000 -58.960000 58.350000 -58.960000 0.0 0 
3.054326
 1 121 121 p_castle_66 Cowee 4215822 0 0 3 0 0 0 0 0 72.450000 -54.590000 72.450000 -54.590000 72.450000 -54.590000 0.0 0 
4.799655
 1 122 122 p_castle_67 Hiwasee 4215822 0 0 3 0 0 0 0 0 94.040000 -41.270000 94.040000 -41.270000 94.040000 -41.270000 0.0 0 
2.094395
 1 123 123 p_castle_68 Chatuga 4215822 0 0 3 0 0 0 0 0 100.720000 -45.350000 100.720000 -45.350000 100.720000 -45.350000 0.0 0 
3.490658
 1 124 124 p_castle_69 Medoktak 4215822 0 0 3 0 0 0 0 0 -210.530000 -219.830000 -210.530000 -219.830000 -210.530000 -219.830000 0.0 0 
4.537856
 1 125 125 p_castle_70 Mazipskoik 4215822 0 0 3 0 0 0 0 0 -120.450000 -209.730000 -120.450000 -209.730000 -120.450000 -209.730000 0.0 0 
1.396263
 1 126 126 p_castle_71 Sipekni'katik 4215822 0 0 3 0 0 0 0 0 -283.940000 -216.750000 -283.940000 -216.750000 -283.940000 -216.750000 0.0 0 
4.537856
 1 127 127 p_castle_72 Wolinak 4215822 0 0 3 0 0 0 0 0 -160.340000 -244.550000 -160.340000 -244.550000 -160.340000 -244.550000 0.0 0 
2.094395
 1 128 128 p_castle_73 Canohogo 4215822 0 0 3 0 0 0 0 0 -98.410000 -197.670000 -98.410000 -197.670000 -98.410000 -197.670000 0.0 0 
4.537856
 1 129 129 p_castle_74 Kahnawake 4215822 0 0 3 0 0 0 0 0 -92.190000 -208.380000 -92.190000 -208.380000 -92.190000 -208.380000 0.0 0 
0.959931
 1 130 130 p_castle_75 Lorette 4215822 0 0 3 0 0 0 0 0 -164.350000 -256.890000 -164.350000 -256.890000 -164.350000 -256.890000 0.0 0 
2.094395
 1 131 131 p_castle_76 Maughwawame 4215822 0 0 3 0 0 0 0 0 10.030000 -125.560000 10.030000 -125.560000 10.030000 -125.560000 0.0 0 
2.094395
 1 132 132 p_castle_77 Shenango 4215822 0 0 3 0 0 0 0 0 12.330000 -124.030000 12.330000 -124.030000 12.330000 -124.030000 0.0 0 
0.261799
 1 133 133 p_castle_78 Moguck 4215822 0 0 3 0 0 0 0 0 39.330000 -113.870000 39.330000 -113.870000 39.330000 -113.870000 0.0 0 
4.712389
 1 134 134 p_castle_79 Kentukee 4215822 0 0 3 0 0 0 0 0 45.370000 -82.310000 45.370000 -82.310000 45.370000 -82.310000 0.0 0 
2.094395
 1 135 135 p_castle_80 Waganagisi 4215822 0 0 3 0 0 0 0 0 95.190000 -214.710000 95.190000 -214.710000 95.190000 -214.710000 0.0 0 
2.827433
 1 136 136 p_castle_81 Missinnihe 4215822 0 0 3 0 0 0 0 0 -4.110000 -180.500000 -4.110000 -180.500000 -4.110000 -180.500000 0.0 0 
1.413717
 1 137 137 p_castle_82 Magnawauk 4215822 0 0 3 0 0 0 0 0 138.740000 -176.410000 138.740000 -176.410000 138.740000 -176.410000 0.0 0 
4.834562
 1 138 138 p_castle_83 Schakannapa 4215822 0 0 3 0 0 0 0 0 154.980000 -5.610000 154.980000 -5.610000 154.980000 -5.610000 0.0 0 
3.316126
 1 139 139 p_castle_84 Chickasawhay 4215822 0 0 3 0 0 0 0 0 149.940000 15.630000 149.940000 15.630000 149.940000 15.630000 0.0 0 
0.872665
 1 140 140 p_castle_85 Sapatchito 4215822 0 0 3 0 0 0 0 0 178.930000 -0.340000 178.930000 -0.340000 178.930000 -0.340000 0.0 0 
2.094395
 1 141 141 p_castle_86 Apeony 4215822 0 0 3 0 0 0 0 0 158.660000 -19.520000 158.660000 -19.520000 158.660000 -19.520000 0.0 0 
2.094395
 1 142 142 p_castle_87 Tchichatala 4215822 0 0 3 0 0 0 0 0 173.260000 -24.280000 173.260000 -24.280000 173.260000 -24.280000 0.0 0 
2.094395
 1 143 143 p_castle_88 Tukabatchee 4215822 0 0 3 0 0 0 0 0 92.900000 -4.640000 92.900000 -4.640000 92.900000 -4.640000 0.0 0 
1.047198
 1 144 144 p_castle_89 Kashita 4215822 0 0 3 0 0 0 0 0 92.160000 36.740000 92.160000 36.740000 92.160000 36.740000 0.0 0 
0.872665
 1 145 145 p_castle_90 Abihika 4215822 0 0 3 0 0 0 0 0 110.390000 12.450000 110.390000 12.450000 110.390000 12.450000 0.0 0 
2.007129
 1 146 146 p_castle_91 Coosa 4215822 0 0 3 0 0 0 0 0 86.240000 -13.310000 86.240000 -13.310000 86.240000 -13.310000 0.0 0 
4.712389
 1 147 147 p_castle_92 Tallapoosa 4215822 0 0 3 0 0 0 0 0 88.960000 12.210000 88.960000 12.210000 88.960000 12.210000 0.0 0 
1.745329
 1 148 148 p_village_1 Salem 2114578 0 0 3 0 0 0 0 0 -157.040000 -164.510000 -157.040000 -164.510000 -157.040000 -164.510000 0.0 0 
1.745329
 1 149 149 p_village_2 Middleborough 2114578 0 0 3 0 0 0 0 0 -160.530000 -156.510000 -160.530000 -156.510000 -160.530000 -156.510000 0.0 0 
1.919862
 1 150 150 p_village_3 Leicester 2114578 0 0 3 0 0 0 0 0 -143.710000 -164.900000 -143.710000 -164.900000 -143.710000 -164.900000 0.0 0 
2.094395
 1 151 151 p_village_4 Hatfield 2114578 0 0 3 0 0 0 0 0 -129.190000 -165.410000 -129.190000 -165.410000 -129.190000 -165.410000 0.0 0 
2.268928
 1 152 152 p_village_5 Providence 2114578 0 0 3 0 0 0 0 0 -149.550000 -153.490000 -149.550000 -153.490000 -149.550000 -153.490000 0.0 0 
2.967060
 1 153 153 p_village_6 Hartford 2114578 0 0 3 0 0 0 0 0 -134.230000 -156.880000 -134.230000 -156.880000 -134.230000 -156.880000 0.0 0 
1.745329
 1 154 154 p_village_7 New_Haven 2114578 0 0 3 0 0 0 0 0 -123.920000 -146.130000 -123.920000 -146.130000 -123.920000 -146.130000 0.0 0 
1.919862
 1 155 155 p_village_8 Portsmouth 2114578 0 0 3 0 0 0 0 0 -158.840000 -177.290000 -158.840000 -177.290000 -158.840000 -177.290000 0.0 0 
2.094395
 1 156 156 p_village_9 Lyman 2114578 0 0 3 0 0 0 0 0 -140.700000 -193.110000 -140.700000 -193.110000 -140.700000 -193.110000 0.0 0 
2.268928
 1 157 157 p_village_10 Beaufort 2114578 0 0 3 0 0 0 0 0 8.000000 7.000000 8.000000 7.000000 8.000000 7.000000 0.0 0 
2.967060
 1 158 158 p_village_11 Bennington 2114578 0 0 3 0 0 0 0 0 -110.840000 -176.210000 -110.840000 -176.210000 -110.840000 -176.210000 0.0 0 
1.745329
 1 159 159 p_village_12 Albany 2114578 0 0 3 0 0 0 0 0 -108.780000 -170.300000 -108.780000 -170.300000 -108.780000 -170.300000 0.0 0 
1.919862
 1 160 160 p_village_13 Kingston 2114578 0 0 3 0 0 0 0 0 -107.520000 -161.260000 -107.520000 -161.260000 -107.520000 -161.260000 0.0 0 
2.094395
 1 161 161 p_village_14 Morristown 2114578 0 0 3 0 0 0 0 0 -95.450000 -139.790000 -95.450000 -139.790000 -95.450000 -139.790000 0.0 0 
2.268928
 1 162 162 p_village_15 Hempstead 2114578 0 0 3 0 0 0 0 0 -115.030000 -137.380000 -115.030000 -137.380000 -115.030000 -137.380000 0.0 0 
2.967060
 1 163 163 p_village_16 Stamford 2114578 0 0 3 0 0 0 0 0 -85.660000 -170.500000 -85.660000 -170.500000 -85.660000 -170.500000 0.0 0 
2.967060
 1 164 164 p_village_17 Monroe 2114578 0 0 3 0 0 0 0 0 -92.120000 -118.100000 -92.120000 -118.100000 -92.120000 -118.100000 0.0 0 
0.610865
 1 165 165 p_village_18 Freehold 2114578 0 0 3 0 0 0 0 0 -98.830000 -129.380000 -98.830000 -129.380000 -98.830000 -129.380000 0.0 0 
2.967060
 1 166 166 p_village_19 Reading 2114578 0 0 3 0 0 0 0 0 -73.950000 -128.680000 -73.950000 -128.680000 -73.950000 -128.680000 0.0 0 
2.967060
 1 167 167 p_village_20 Dover 2114578 0 0 3 0 0 0 0 0 -75.950000 -106.200000 -75.950000 -106.200000 -75.950000 -106.200000 0.0 0 
2.967060
 1 168 168 p_village_21 Baltimore 2114578 0 0 3 0 0 0 0 0 -60.760000 -103.520000 -60.760000 -103.520000 -60.760000 -103.520000 0.0 0 
1.745329
 1 169 169 p_village_22 York 2114578 0 0 3 0 0 0 0 0 -49.360000 -115.060000 -49.360000 -115.060000 -49.360000 -115.060000 0.0 0 
1.919862
 1 170 170 p_village_23 Cambridge 2114578 0 0 3 0 0 0 0 0 -66.280000 -92.330000 -66.280000 -92.330000 -66.280000 -92.330000 0.0 0 
2.094395
 1 171 171 p_village_24 Alexandria 2114578 0 0 3 0 0 0 0 0 -40.250000 -94.100000 -40.250000 -94.100000 -40.250000 -94.100000 0.0 0 
2.268928
 1 172 172 p_village_25 Williamsburg 2114578 0 0 3 0 0 0 0 0 -54.150000 -75.100000 -54.150000 -75.100000 -54.150000 -75.100000 0.0 0 
2.967060
 1 173 173 p_village_26 Fredericksburg 2114578 0 0 3 0 0 0 0 0 -45.520000 -84.920000 -45.520000 -84.920000 -45.520000 -84.920000 0.0 0 
2.967060
 1 174 174 p_village_27 Richmond 2114578 0 0 3 0 0 0 0 0 -39.400000 -75.150000 -39.400000 -75.150000 -39.400000 -75.150000 0.0 0 
2.967060
 1 175 175 p_village_28 Norfolk 2114578 0 0 3 0 0 0 0 0 -65.030000 -65.390000 -65.030000 -65.390000 -65.030000 -65.390000 0.0 0 
2.967060
 1 176 176 p_village_29 Georgetown 2114578 0 0 3 0 0 0 0 0 -12.290000 -12.090000 -12.290000 -12.090000 -12.290000 -12.090000 0.0 0 
2.967060
 1 177 177 p_village_30 Falmouth 2114578 0 0 3 0 0 0 0 0 -179.800000 -190.200000 -179.800000 -190.200000 -179.800000 -190.200000 0.0 0 
2.967060
 1 178 178 p_village_31 New_Bern 2114578 0 0 3 0 0 0 0 0 -51.840000 -33.090000 -51.840000 -33.090000 -51.840000 -33.090000 0.0 0 
1.745329
 1 179 179 p_village_32 Wilmington 2114578 0 0 3 0 0 0 0 0 -20.400000 -17.190000 -20.400000 -17.190000 -20.400000 -17.190000 0.0 0 
1.919862
 1 180 180 p_village_33 Savannah 2114578 0 0 3 0 0 0 0 0 18.220000 10.560000 18.220000 10.560000 18.220000 10.560000 0.0 0 
2.094395
 1 181 181 p_village_34 Orangeburg 2114578 0 0 3 0 0 0 0 0 17.300000 -14.700000 17.300000 -14.700000 17.300000 -14.700000 0.0 0 
2.268928
 1 182 182 p_village_35 Easton 2114578 0 0 3 0 0 0 0 0 -82.260000 -128.830000 -82.260000 -128.830000 -82.260000 -128.830000 0.0 0 
2.967060
 1 183 183 p_village_36 Lancaster 2114578 0 0 3 0 0 0 0 0 -62.930000 -117.590000 -62.930000 -117.590000 -62.930000 -117.590000 0.0 0 
2.967060
 1 184 184 p_village_37 Raystown 2114578 0 0 3 0 0 0 0 0 -21.530000 -124.360000 -21.530000 -124.360000 -21.530000 -124.360000 0.0 0 
2.967060
 1 185 185 p_village_38 Long_Canes 2114578 0 0 3 0 0 0 0 0 48.070000 -27.610000 48.070000 -27.610000 48.070000 -27.610000 0.0 0 
2.967060
 1 186 186 p_village_39 Lunenburg 2114578 0 0 3 0 0 0 0 0 -265.230000 -195.850000 -265.230000 -195.850000 -265.230000 -195.850000 0.0 0 
2.967060
 1 187 187 p_village_40 Iredell 2114578 0 0 3 0 0 0 0 0 5.940000 -60.130000 5.940000 -60.130000 5.940000 -60.130000 0.0 0 
1.745329
 1 188 188 p_village_41 Augusta 2114578 0 0 3 0 0 0 0 0 39.000000 -13.000000 39.000000 -13.000000 39.000000 -13.000000 0.0 0 
3.490658
 1 189 189 p_village_42 Cumberland 2114578 0 0 3 0 0 0 0 0 -10.620000 -101.880000 -10.620000 -101.880000 -10.620000 -101.880000 0.0 0 
3.490658
 1 190 190 p_village_43 Sunbury 2114578 0 0 3 0 0 0 0 0 -65.840000 -138.080000 -65.840000 -138.080000 -65.840000 -138.080000 0.0 0 
3.490658
 1 191 191 p_village_44 Eleuthera 2114578 0 0 3 0 0 0 0 0 -70.000000 146.000000 -70.000000 146.000000 -70.000000 146.000000 0.0 0 
1.658063
 1 192 192 p_village_45 Long_Island 2114578 0 0 3 0 0 0 0 0 -81.000000 167.000000 -81.000000 167.000000 -81.000000 167.000000 0.0 0 
0.610865
 1 193 193 p_village_46 Turks_and_Caicos 2114578 0 0 3 0 0 0 0 0 -138.000000 192.000000 -138.000000 192.000000 -138.000000 192.000000 0.0 0 
1.047198
 1 194 194 p_village_47 Andros 2114578 0 0 3 0 0 0 0 0 -33.780000 145.830000 -33.780000 145.830000 -33.780000 145.830000 0.0 0 
0.349066
 1 195 195 p_village_48 Spanish_Town 2114578 0 0 3 0 0 0 0 0 -47.000000 261.130000 -47.000000 261.130000 -47.000000 261.130000 0.0 0 
4.188790
 1 196 196 p_village_49 Montego_Bay 2114578 0 0 3 0 0 0 0 0 -34.810000 250.520000 -34.810000 250.520000 -34.810000 250.520000 0.0 0 
0.872665
 1 197 197 p_village_50 Annapolis_Royal 2114578 0 0 3 0 0 0 0 0 -244.850000 -200.820000 -244.850000 -200.820000 -244.850000 -200.820000 0.0 0 
1.570796
 1 198 198 p_village_51 Canso 2114578 0 0 3 0 0 0 0 0 -316.080000 -212.660000 -316.080000 -212.660000 -316.080000 -212.660000 0.0 0 
3.141593
 1 199 199 p_village_52 Belize 2114578 0 0 3 0 0 0 0 0 140.490000 268.210000 140.490000 268.210000 140.490000 268.210000 0.0 0 
0.000000
 1 200 200 p_village_53 Carlisle 2114578 0 0 3 0 0 0 0 0 -49.390000 -126.640000 -49.390000 -126.640000 -49.390000 -126.640000 0.0 0 
1.047198
 1 201 201 p_village_54 Aughwick 2114578 0 0 3 0 0 0 0 0 -34.770000 -125.030000 -34.770000 -125.030000 -34.770000 -125.030000 0.0 0 
3.141593
 1 202 202 p_village_55 Bristol 2114578 0 0 3 0 0 0 0 0 -85.220000 -122.520000 -85.220000 -122.520000 -85.220000 -122.520000 0.0 0 
2.094395
 1 203 203 p_village_56 La_Balize 2114576 0 0 3 0 0 0 0 0 162.110000 65.500000 162.110000 65.500000 162.110000 65.500000 0.0 0 
2.967060
 1 204 204 p_village_57 Cap_Girardeau 2114576 0 0 3 0 0 0 0 0 181.050000 -56.840000 181.050000 -56.840000 181.050000 -56.840000 0.0 0 
0.174533
 1 205 205 p_village_58 Bonne_Terre 2114576 0 0 3 0 0 0 0 0 204.800000 -52.920000 204.800000 -52.920000 204.800000 -52.920000 0.0 0 
2.967060
 1 206 206 p_village_59 Tadoussac 2114576 0 0 3 0 0 0 0 0 -191.370000 -278.040000 -191.370000 -278.040000 -191.370000 -278.040000 0.0 0 
2.967060
 1 207 207 p_village_60 Aubigny 2114576 0 0 3 0 0 0 0 0 -175.430000 -256.110000 -175.430000 -256.110000 -175.430000 -256.110000 0.0 0 
2.967060
 1 208 208 p_village_61 Prairie_du_Pont 2114576 0 0 3 0 0 0 0 0 191.330000 -60.640000 191.330000 -60.640000 191.330000 -60.640000 0.0 0 
2.094395
 1 209 209 p_village_62 St._Philippe 2114576 0 0 3 0 0 0 0 0 183.510000 -67.280000 183.510000 -67.280000 183.510000 -67.280000 0.0 0 
2.268928
 1 210 210 p_village_63 Terre_Haute 2114576 0 0 3 0 0 0 0 0 84.850000 -113.020000 84.850000 -113.020000 84.850000 -113.020000 0.0 0 
2.967060
 1 211 211 p_village_64 Cahokia 2114576 0 0 3 0 0 0 0 0 191.230000 -69.930000 191.230000 -69.930000 191.230000 -69.930000 0.0 0 
1.745329
 1 212 212 p_village_65 Pointe_Sainte-Anne 2114576 0 0 3 0 0 0 0 0 -216.530000 -215.830000 -216.530000 -215.830000 -216.530000 -215.830000 0.0 0 
1.745329
 1 213 213 p_village_66 Saint-Jean-sur-Richelieu 2114576 0 0 3 0 0 0 0 0 -124.110000 -222.040000 -124.110000 -222.040000 -124.110000 -222.040000 0.0 0 
1.745329
 1 214 214 p_village_67 Saint-Paul-de-l'Ile-aux-Noix 2114576 0 0 3 0 0 0 0 0 -116.100000 -215.740000 -116.100000 -215.740000 -116.100000 -215.740000 0.0 0 
1.745329
 1 215 215 p_village_68 Longueuil 2114576 0 0 3 0 0 0 0 0 -101.780000 -215.090000 -101.780000 -215.090000 -101.780000 -215.090000 0.0 0 
1.745329
 1 216 216 p_village_69 Grand_Pre 2114576 0 0 3 0 0 0 0 0 -261.980000 -207.230000 -261.980000 -207.230000 -261.980000 -207.230000 0.0 0 
1.745329
 1 217 217 p_village_70 Miramichy 2114576 0 0 3 0 0 0 0 0 -257.140000 -245.930000 -257.140000 -245.930000 -257.140000 -245.930000 0.0 0 
1.745329
 1 218 218 p_village_71 Saint-Hyacinthe 2114576 0 0 3 0 0 0 0 0 -113.250000 -221.470000 -113.250000 -221.470000 -113.250000 -221.470000 0.0 0 
1.745329
 1 219 219 p_village_72 Cobeguit 2114576 0 0 3 0 0 0 0 0 -276.540000 -216.540000 -276.540000 -216.540000 -276.540000 -216.540000 0.0 0 
0.349066
 1 220 220 p_village_73 Trois-Rivières 2114576 0 0 3 0 0 0 0 0 -144.390000 -243.060000 -144.390000 -243.060000 -144.390000 -243.060000 0.0 0 
1.745329
 1 221 221 p_village_74 Basseville 2114576 0 0 3 0 0 0 0 0 -111.640000 -200.050000 -111.640000 -200.050000 -111.640000 -200.050000 0.0 0 
0.261799
 1 222 222 p_village_75 Les_Cayes 2114576 0 0 3 0 0 0 0 0 -102.970000 256.130000 -102.970000 256.130000 -102.970000 256.130000 0.0 0 
0.261799
 1 223 223 p_village_76 Port-au-Prince 2114576 0 0 3 0 0 0 0 0 -122.710000 249.020000 -122.710000 249.020000 -122.710000 249.020000 0.0 0 
1.570796
 1 224 224 p_village_77 Môle-Saint-Nicolas 2114576 0 0 3 0 0 0 0 0 -111.840000 227.650000 -111.840000 227.650000 -111.840000 227.650000 0.0 0 
3.141593
 1 225 225 p_village_78 Pointe-a-Pitre 2114576 0 0 3 0 0 0 0 0 -318.140000 290.140000 -318.140000 290.140000 -318.140000 290.140000 0.0 0 
3.141593
 1 226 226 p_village_79 Roseau 2114576 0 0 3 0 0 0 0 0 -318.410000 305.040000 -318.410000 305.040000 -318.410000 305.040000 0.0 0 
0.000000
 1 227 227 p_village_80 Beaubassin 2114576 0 0 3 0 0 0 0 0 -262.630000 -219.980000 -262.630000 -219.980000 -262.630000 -219.980000 0.0 0 
0.698132
 1 228 228 p_village_81 Porte-la-Joye 2114576 0 0 3 0 0 0 0 0 -283.700000 -230.380000 -283.700000 -230.380000 -283.700000 -230.380000 0.0 0 
0.349066
 1 229 229 p_village_82 Niganiche 2114576 0 0 3 0 0 0 0 0 -331.190000 -236.340000 -331.190000 -236.340000 -331.190000 -236.340000 0.0 0 
1.047198
 1 230 230 p_village_83 Port_Toulouse 2114576 0 0 3 0 0 0 0 0 -322.290000 -213.990000 -322.290000 -213.990000 -322.290000 -213.990000 0.0 0 
1.396263
 1 231 231 p_village_84 Biloxi 2114576 0 0 3 0 0 0 0 0 154.000000 49.040000 154.000000 49.040000 154.000000 49.040000 0.0 0 
1.919862
 1 232 232 p_village_85 Mobile 2114576 0 0 3 0 0 0 0 0 144.160000 40.460000 144.160000 40.460000 144.160000 40.460000 0.0 0 
2.094395
 1 233 233 p_village_86 Baton_Rouge 2114576 0 0 3 0 0 0 0 0 195.260000 35.930000 195.260000 35.930000 195.260000 35.930000 0.0 0 
2.268928
 1 234 234 p_village_87 Cote_des_Allemands 2114576 0 0 3 0 0 0 0 0 185.520000 57.920000 185.520000 57.920000 185.520000 57.920000 0.0 0 
2.967060
 1 235 235 p_village_88 Puerto_Principe 2114580 0 0 3 0 0 0 0 0 -31.000000 198.000000 -31.000000 198.000000 -31.000000 198.000000 0.0 0 
0.698132
 1 236 236 p_village_89 Santa_Rosa 2114580 0 0 3 0 0 0 0 0 310.800000 94.790000 310.800000 94.790000 310.800000 94.790000 0.0 0 
0.349066
 1 237 237 p_village_90 Tampico 2114580 0 0 3 0 0 0 0 0 310.230000 191.530000 310.230000 191.530000 310.230000 191.530000 0.0 0 
1.047198
 1 238 238 p_village_91 Panuco 2114580 0 0 3 0 0 0 0 0 316.060000 200.500000 316.060000 200.500000 316.060000 200.500000 0.0 0 
0.959931
 1 239 239 p_village_92 Puebla 2114580 0 0 3 0 0 0 0 0 311.920000 251.150000 311.920000 251.150000 311.920000 251.150000 0.0 0 
0.261799
 1 240 240 p_village_93 Oaxaca 2114580 0 0 3 0 0 0 0 0 300.970000 273.850000 300.970000 273.850000 300.970000 273.850000 0.0 0 
0.174533
 1 241 241 p_village_94 Ciudad_Real 2114580 0 0 3 0 0 0 0 0 235.830000 278.610000 235.830000 278.610000 235.830000 278.610000 0.0 0 
0.610865
 1 242 242 p_village_95 Campeche 2114580 0 0 3 0 0 0 0 0 192.530000 238.240000 192.530000 238.240000 192.530000 238.240000 0.0 0 
2.792527
 1 243 243 p_village_96 Merida 2114580 0 0 3 0 0 0 0 0 171.970000 204.190000 171.970000 204.190000 171.970000 204.190000 0.0 0 
3.141593
 1 244 244 p_village_97 Puerto_Cortes 2114580 0 0 3 0 0 0 0 0 141.660000 298.360000 141.660000 298.360000 141.660000 298.360000 0.0 0 
0.698132
 1 245 245 p_village_98 Trujillo 2114580 0 0 3 0 0 0 0 0 103.190000 293.980000 103.190000 293.980000 103.190000 293.980000 0.0 0 
0.349066
 1 246 246 p_village_99 Bayamo 2114580 0 0 3 0 0 0 0 0 -53.000000 217.000000 -53.000000 217.000000 -53.000000 217.000000 0.0 0 
0.174533
 1 247 247 p_village_100 Trinidad 2114580 0 0 3 0 0 0 0 0 2.000000 192.000000 2.000000 192.000000 2.000000 192.000000 0.0 0 
0.610865
 1 248 248 p_village_101 Santiago_de_Cuba 2114580 0 0 3 0 0 0 0 0 -74.000000 224.000000 -74.000000 224.000000 -74.000000 224.000000 0.0 0 
2.792527
 1 249 249 p_village_102 Puerto_Plata 2114580 0 0 3 0 0 0 0 0 -157.170000 225.510000 -157.170000 225.510000 -157.170000 225.510000 0.0 0 
1.570796
 1 250 250 p_village_103 Santiago_de_los_Caballeros 2114580 0 0 3 0 0 0 0 0 -161.000000 236.000000 -161.000000 236.000000 -161.000000 236.000000 0.0 0 
3.839724
 1 251 251 p_village_104 San_Juan 2114580 0 0 3 0 0 0 0 0 -238.580000 251.530000 -238.580000 251.530000 -238.580000 251.530000 0.0 0 
3.141593
 1 252 252 p_village_105 Gnaddenhutten 2114573 0 0 3 0 0 0 0 0 -63.320000 -147.830000 -63.320000 -147.830000 -63.320000 -147.830000 0.0 0 
1.745329
 1 253 253 p_village_106 Natchitoches 2114573 0 0 3 0 0 0 0 0 221.510000 -1.500000 221.510000 -1.500000 221.510000 -1.500000 0.0 0 
2.967060
 1 254 254 p_village_107 Natchez 2114573 0 0 3 0 0 0 0 0 197.310000 2.690000 197.310000 2.690000 197.310000 2.690000 0.0 0 
2.967060
 1 255 255 p_village_108 Kaskaskia 2114573 0 0 3 0 0 0 0 0 186.970000 -64.710000 186.970000 -64.710000 186.970000 -64.710000 0.0 0 
1.745329
 1 256 256 p_village_109 La_Presentation 2114573 0 0 3 0 0 0 0 0 -12.210000 -189.230000 -12.210000 -189.230000 -12.210000 -189.230000 0.0 0 
0.750492
 1 257 257 p_village_110 Oswegatchie 2114573 0 0 3 0 0 0 0 0 -76.160000 -202.840000 -76.160000 -202.840000 -76.160000 -202.840000 0.0 0 
2.967060
 1 258 258 p_village_111 Mandan 2114573 0 0 3 0 0 0 0 0 256.970000 -261.920000 256.970000 -261.920000 256.970000 -261.920000 0.0 0 
2.967060
 1 259 259 p_village_112 Venango 2114573 0 0 3 0 0 0 0 0 1.210000 -142.480000 1.210000 -142.480000 1.210000 -142.480000 0.0 0 
1.745329
 1 260 260 p_village_113 Cataraqui 2114573 0 0 3 0 0 0 0 0 -64.120000 -202.530000 -64.120000 -202.530000 -64.120000 -202.530000 0.0 0 
1.745329
 1 261 261 p_village_114 Jinotega 2114573 0 0 3 0 0 0 0 0 113.920000 344.290000 113.920000 344.290000 113.920000 344.290000 0.0 0 
0.174533
 1 262 262 p_village_115 Calusa 2114573 0 0 3 0 0 0 0 0 25.370000 125.420000 25.370000 125.420000 25.370000 125.420000 0.0 0 
0.610865
 1 263 263 p_village_116 Tocobaga 2114573 0 0 3 0 0 0 0 0 49.800000 91.960000 49.800000 91.960000 49.800000 91.960000 0.0 0 
2.792527
 1 264 264 p_village_117 Apalachee 2114573 0 0 3 0 0 0 0 0 68.530000 50.760000 68.530000 50.760000 68.530000 50.760000 0.0 0 
3.141593
 1 265 265 p_village_118 Panzacola 2114573 0 0 3 0 0 0 0 0 124.210000 39.520000 124.210000 39.520000 124.210000 39.520000 0.0 0 
0.000000
 1 266 266 p_village_119 Erie 2114573 0 0 3 0 0 0 0 0 -4.850000 -162.830000 -4.850000 -162.830000 -4.850000 -162.830000 0.0 0 
0.959931
 1 267 267 p_village_120 Canawaugus 2114573 0 0 3 0 0 0 0 0 -38.150000 -169.850000 -38.150000 -169.850000 -38.150000 -169.850000 0.0 0 
1.047198
 1 268 268 p_village_121 Ganondagan 2114573 0 0 3 0 0 0 0 0 -24.960000 -174.390000 -24.960000 -174.390000 -24.960000 -174.390000 0.0 0 
0.959931
 1 269 269 p_village_122 Cayuga 2114573 0 0 3 0 0 0 0 0 -41.610000 -175.530000 -41.610000 -175.530000 -41.610000 -175.530000 0.0 0 
3.001966
 1 270 270 p_village_123 Susquehanna 2114573 0 0 3 0 0 0 0 0 -42.960000 -165.790000 -42.960000 -165.790000 -42.960000 -165.790000 0.0 0 
2.617994
 1 271 271 p_village_124 Tuscarora 2114573 0 0 3 0 0 0 0 0 -60.700000 -170.820000 -60.700000 -170.820000 -60.700000 -170.820000 0.0 0 
2.094395
 1 272 272 p_village_125 Oneida 2114573 0 0 3 0 0 0 0 0 -77.880000 -191.420000 -77.880000 -191.420000 -77.880000 -191.420000 0.0 0 
1.745329
 1 273 273 p_village_126 Canadasegy 2114573 0 0 3 0 0 0 0 0 -52.850000 -176.130000 -52.850000 -176.130000 -52.850000 -176.130000 0.0 0 
2.094395
 1 274 274 p_village_127 Oriskany 2114573 0 0 3 0 0 0 0 0 -77.300000 -184.750000 -77.300000 -184.750000 -77.300000 -184.750000 0.0 0 
1.745329
 1 275 275 p_village_128 Onnontare 2114573 0 0 3 0 0 0 0 0 -37.000000 -177.000000 -37.000000 -177.000000 -37.000000 -177.000000 0.0 0 
3.665191
 1 276 276 p_village_129 Koshaksink 2114573 0 0 3 0 0 0 0 0 -3.730000 -132.470000 -3.730000 -132.470000 -3.730000 -132.470000 0.0 0 
5.235988
 1 277 277 p_village_130 Ononowaga_Cochake 2114573 0 0 3 0 0 0 0 0 -2.260000 -128.790000 -2.260000 -128.790000 -2.260000 -128.790000 0.0 0 
0.174533
 1 278 278 p_village_131 Ononowaga_Kuskusky 2114573 0 0 3 0 0 0 0 0 -3.590000 -139.960000 -3.590000 -139.960000 -3.590000 -139.960000 0.0 0 
2.792527
 1 279 279 p_village_132 Oweso'gawenoeh 2114573 0 0 3 0 0 0 0 0 8.270000 -123.690000 8.270000 -123.690000 8.270000 -123.690000 0.0 0 
3.839724
 1 280 280 p_village_133 Nununyi 2114573 0 0 3 0 0 0 0 0 56.540000 -63.280000 56.540000 -63.280000 56.540000 -63.280000 0.0 0 
0.261799
 1 281 281 p_village_134 Tuckaseegee 2114573 0 0 3 0 0 0 0 0 53.770000 -51.460000 53.770000 -51.460000 53.770000 -51.460000 0.0 0 
0.174533
 1 282 282 p_village_135 Etchoe 2114573 0 0 3 0 0 0 0 0 70.880000 -47.120000 70.880000 -47.120000 70.880000 -47.120000 0.0 0 
0.610865
 1 283 283 p_village_136 Estatoe 2114573 0 0 3 0 0 0 0 0 71.180000 -39.190000 71.180000 -39.190000 71.180000 -39.190000 0.0 0 
1.570796
 1 284 284 p_village_137 Cattoogachaye 2114573 0 0 3 0 0 0 0 0 87.920000 -38.510000 87.920000 -38.510000 87.920000 -38.510000 0.0 0 
2.617994
 1 285 285 p_village_138 Aquonatuste 2114573 0 0 3 0 0 0 0 0 87.770000 -43.800000 87.770000 -43.800000 87.770000 -43.800000 0.0 0 
3.490658
 1 286 286 p_village_139 Little_Tellico 2114573 0 0 3 0 0 0 0 0 86.490000 -48.280000 86.490000 -48.280000 86.490000 -48.280000 0.0 0 
3.490658
 1 287 287 p_village_140 Mialoquo 2114573 0 0 3 0 0 0 0 0 107.380000 -53.500000 107.380000 -53.500000 107.380000 -53.500000 0.0 0 
1.745329
 1 288 288 p_village_141 Citico 2114573 0 0 3 0 0 0 0 0 88.930000 -52.000000 88.930000 -52.000000 88.930000 -52.000000 0.0 0 
1.745329
 1 289 289 p_village_142 Woronoke 2114573 0 0 3 0 0 0 0 0 -124.460000 -162.290000 -124.460000 -162.290000 -124.460000 -162.290000 0.0 0 
0.610865
 1 290 290 p_village_143 Nanrantsouak 2114573 0 0 3 0 0 0 0 0 -188.210000 -206.070000 -188.210000 -206.070000 -188.210000 -206.070000 0.0 0 
2.792527
 1 291 291 p_village_144 Aukpaque 2114573 0 0 3 0 0 0 0 0 -212.790000 -217.370000 -212.790000 -217.370000 -212.790000 -217.370000 0.0 0 
0.698132
 1 292 292 p_village_145 Shubenacadie 2114573 0 0 3 0 0 0 0 0 -278.770000 -211.630000 -278.770000 -211.630000 -278.770000 -211.630000 0.0 0 
2.356194
 1 293 293 p_village_146 Passamaquoddy 2114573 0 0 3 0 0 0 0 0 -213.120000 -202.600000 -213.120000 -202.600000 -213.120000 -202.600000 0.0 0 
1.745329
 1 294 294 p_village_147 Pijelooeekak 2114573 0 0 3 0 0 0 0 0 -263.060000 -194.630000 -263.060000 -194.630000 -263.060000 -194.630000 0.0 0 
1.745329
 1 295 295 p_village_148 Sokoki 2114573 0 0 3 0 0 0 0 0 -155.970000 -238.390000 -155.970000 -238.390000 -155.970000 -238.390000 0.0 0 
1.745329
 1 296 296 p_village_149 Madawaska 2114573 0 0 3 0 0 0 0 0 -192.250000 -224.530000 -192.250000 -224.530000 -192.250000 -224.530000 0.0 0 
1.745329
 1 297 297 p_village_150 Alenape_Meneha 2114573 0 0 3 0 0 0 0 0 -202.680000 -207.330000 -202.680000 -207.330000 -202.680000 -207.330000 0.0 0 
1.745329
 1 298 298 p_village_151 Kanien'keha:ka 2114573 0 0 3 0 0 0 0 0 -93.600000 -199.340000 -93.600000 -199.340000 -93.600000 -199.340000 0.0 0 
2.617994
 1 299 299 p_village_152 Tarajorees 2114573 0 0 3 0 0 0 0 0 -91.650000 -179.600000 -91.650000 -179.600000 -91.650000 -179.600000 0.0 0 
3.490658
 1 300 300 p_village_153 Canajoharie 2114573 0 0 3 0 0 0 0 0 -82.720000 -181.720000 -82.720000 -181.720000 -82.720000 -181.720000 0.0 0 
0.698132
 1 301 301 p_village_154 Ganienkeh 2114573 0 0 3 0 0 0 0 0 -106.650000 -201.860000 -106.650000 -201.860000 -106.650000 -201.860000 0.0 0 
2.094395
 1 302 302 p_village_155 Ahkwesahsne 2114573 0 0 3 0 0 0 0 0 -65.870000 -194.920000 -65.870000 -194.920000 -65.870000 -194.920000 0.0 0 
3.490658
 1 303 303 p_village_156 Kanesatake 2114573 0 0 3 0 0 0 0 0 -89.190000 -212.090000 -89.190000 -212.090000 -89.190000 -212.090000 0.0 0 
3.490658
 1 304 304 p_village_157 Atheclaghque 2114573 0 0 3 0 0 0 0 0 -95.420000 -179.270000 -95.420000 -179.270000 -95.420000 -179.270000 0.0 0 
3.490658
 1 305 305 p_village_158 Ancienne_Lorette 2114573 0 0 3 0 0 0 0 0 -161.890000 -258.530000 -161.890000 -258.530000 -161.890000 -258.530000 0.0 0 
3.490658
 1 306 306 p_village_159 Magagua 2114573 0 0 3 0 0 0 0 0 57.930000 -165.170000 57.930000 -165.170000 57.930000 -165.170000 0.0 0 
5.323254
 1 307 307 p_village_160 Anderdon 2114573 0 0 3 0 0 0 0 0 55.960000 -155.350000 55.960000 -155.350000 55.960000 -155.350000 0.0 0 
3.490658
 1 308 308 p_village_161 Junundat 2114573 0 0 3 0 0 0 0 0 44.430000 -149.870000 44.430000 -149.870000 44.430000 -149.870000 0.0 0 
3.490658
 1 309 309 p_village_162 Jejakweyandat 2114573 0 0 3 0 0 0 0 0 44.180000 -131.340000 44.180000 -131.340000 44.180000 -131.340000 0.0 0 
3.490658
 1 310 310 p_village_163 Jejakwe 2114573 0 0 3 0 0 0 0 0 43.320000 -124.040000 43.320000 -124.040000 43.320000 -124.040000 0.0 0 
3.490658
 1 311 311 p_village_164 Ouadot_Muskingum 2114573 0 0 3 0 0 0 0 0 3.400000 -129.160000 3.400000 -129.160000 3.400000 -129.160000 0.0 0 
3.490658
 1 312 312 p_village_165 Conchake 2114573 0 0 3 0 0 0 0 0 2.150000 -126.090000 2.150000 -126.090000 2.150000 -126.090000 0.0 0 
1.745329
 1 313 313 p_village_166 Kuskuskyandat 2114573 0 0 3 0 0 0 0 0 0.000000 -138.680000 0.000000 -138.680000 0.000000 -138.680000 0.0 0 
0.872665
 1 314 314 p_village_167 Chugnut 2114573 0 0 3 0 0 0 0 0 -75.300000 -165.650000 -75.300000 -165.650000 -75.300000 -165.650000 0.0 0 
3.490658
 1 315 315 p_village_168 Owego 2114573 0 0 3 0 0 0 0 0 -70.020000 -166.000000 -70.020000 -166.000000 -70.020000 -166.000000 0.0 0 
0.698132
 1 316 316 p_village_169 Sheshequenink 2114573 0 0 3 0 0 0 0 0 -63.860000 -158.900000 -63.860000 -158.900000 -63.860000 -158.900000 0.0 0 
1.570796
 1 317 317 p_village_170 Indaochaic 2114573 0 0 3 0 0 0 0 0 16.150000 -133.000000 16.150000 -133.000000 16.150000 -133.000000 0.0 0 
2.792527
 1 318 318 p_village_171 Muhheconneokink 2114573 0 0 3 0 0 0 0 0 32.610000 -129.690000 32.610000 -129.690000 32.610000 -129.690000 0.0 0 
3.490658
 1 319 319 p_village_172 Sawcunk 2114573 0 0 3 0 0 0 0 0 16.080000 -123.040000 16.080000 -123.040000 16.080000 -123.040000 0.0 0 
0.698132
 1 320 320 p_village_173 Gekelmukpechunk 2114573 0 0 3 0 0 0 0 0 18.710000 -127.390000 18.710000 -127.390000 18.710000 -127.390000 0.0 0 
1.570796
 1 321 321 p_village_174 Wappocomo 2114573 0 0 3 0 0 0 0 0 9.830000 -101.740000 9.830000 -101.740000 9.830000 -101.740000 0.0 0 
2.792527
 1 322 322 p_village_175 Kuskuskink 2114573 0 0 3 0 0 0 0 0 -1.130000 -134.750000 -1.130000 -134.750000 -1.130000 -134.750000 0.0 0 
2.792527
 1 323 323 p_village_176 Saakiiweeyonki 2114573 0 0 3 0 0 0 0 0 114.920000 -149.090000 114.920000 -149.090000 114.920000 -149.090000 0.0 0 
5.619960
 1 324 324 p_village_177 Mihsiiwiateehi 2114573 0 0 3 0 0 0 0 0 110.270000 -150.750000 110.270000 -150.750000 110.270000 -150.750000 0.0 0 
2.967060
 1 325 325 p_village_178 Kineepikomeehkwa 2114573 0 0 3 0 0 0 0 0 119.180000 -117.890000 119.180000 -117.890000 119.180000 -117.890000 0.0 0 
2.792527
 1 326 326 p_village_179 Kiteepihkwana 2114573 0 0 3 0 0 0 0 0 129.680000 -111.860000 129.680000 -111.860000 129.680000 -111.860000 0.0 0 
3.019420
 1 327 327 p_village_180 Waayaahtanonki 2114573 0 0 3 0 0 0 0 0 132.140000 -110.350000 132.140000 -110.350000 132.140000 -110.350000 0.0 0 
3.892084
 1 328 328 p_village_181 Peeyankihsionki 2114573 0 0 3 0 0 0 0 0 140.640000 -102.890000 140.640000 -102.890000 140.640000 -102.890000 0.0 0 
5.846853
 1 329 329 p_village_182 Aciipihkahkionki 2114573 0 0 3 0 0 0 0 0 154.940000 -85.050000 154.940000 -85.050000 154.940000 -85.050000 0.0 0 
2.792527
 1 330 330 p_village_183 Pinkwaawilenionki 2114573 0 0 3 0 0 0 0 0 89.850000 -109.530000 89.850000 -109.530000 89.850000 -109.530000 0.0 0 
2.792527
 1 331 331 p_village_184 Kuskusky 2114573 0 0 3 0 0 0 0 0 -5.090000 -137.290000 -5.090000 -137.290000 -5.090000 -137.290000 0.0 0 
2.094395
 1 332 332 p_village_185 Nonhelemah 2114573 0 0 3 0 0 0 0 0 46.010000 -114.580000 46.010000 -114.580000 46.010000 -114.580000 0.0 0 
1.745329
 1 333 333 p_village_186 Kispoko 2114573 0 0 3 0 0 0 0 0 43.430000 -105.440000 43.430000 -105.440000 43.430000 -105.440000 0.0 0 
1.919862
 1 334 334 p_village_187 Shannoah 2114573 0 0 3 0 0 0 0 0 56.030000 -105.760000 56.030000 -105.760000 56.030000 -105.760000 0.0 0 
2.094395
 1 335 335 p_village_188 Shinoudaista 2114573 0 0 3 0 0 0 0 0 31.110000 -105.300000 31.110000 -105.300000 31.110000 -105.300000 0.0 0 
1.745329
 1 336 336 p_village_189 Eskippakithiki 2114573 0 0 3 0 0 0 0 0 44.710000 -68.390000 44.710000 -68.390000 44.710000 -68.390000 0.0 0 
1.919862
 1 337 337 p_village_190 Chilliocothe 2114573 0 0 3 0 0 0 0 0 41.900000 -109.630000 41.900000 -109.630000 41.900000 -109.630000 0.0 0 
2.094395
 1 338 338 p_village_191 Manidoowaling 2114573 0 0 3 0 0 0 0 0 72.700000 -228.370000 72.700000 -228.370000 72.700000 -228.370000 0.0 0 
2.792527
 1 339 339 p_village_192 Ahnumawautinkumig 2114573 0 0 3 0 0 0 0 0 99.100000 -213.760000 99.100000 -213.760000 99.100000 -213.760000 0.0 0 
4.293510
 1 340 340 p_village_193 Ahptunwating 2114573 0 0 3 0 0 0 0 0 102.690000 -210.870000 102.690000 -210.870000 102.690000 -210.870000 0.0 0 
2.897247
 1 341 341 p_village_194 Wabigungweshcupago 2114573 0 0 3 0 0 0 0 0 114.410000 -181.930000 114.410000 -181.930000 114.410000 -181.930000 0.0 0 
2.792527
 1 342 342 p_village_195 Shingobeeng 2114573 0 0 3 0 0 0 0 0 86.940000 -170.460000 86.940000 -170.460000 86.940000 -170.460000 0.0 0 
2.792527
 1 343 343 p_village_196 Owashtanong 2114573 0 0 3 0 0 0 0 0 104.960000 -153.800000 104.960000 -153.800000 104.960000 -153.800000 0.0 0 
3.961897
 1 344 344 p_village_197 Maamii 2114573 0 0 3 0 0 0 0 0 72.510000 -143.040000 72.510000 -143.040000 72.510000 -143.040000 0.0 0 
2.792527
 1 345 345 p_village_198 Ogantz 2114573 0 0 3 0 0 0 0 0 48.940000 -150.480000 48.940000 -150.480000 48.940000 -150.480000 0.0 0 
2.792527
 1 346 346 p_village_199 Gichiziibiwininiwag 2114573 0 0 3 0 0 0 0 0 252.500000 -254.700000 252.500000 -254.700000 252.500000 -254.700000 0.0 0 
0.349066
 1 347 347 p_village_200 Gichigamiing 2114573 0 0 3 0 0 0 0 0 191.240000 -256.760000 191.240000 -256.760000 191.240000 -256.760000 0.0 0 
1.047198
 1 348 348 p_village_201 Baawiting 2114573 0 0 3 0 0 0 0 0 90.130000 -235.240000 90.130000 -235.240000 90.130000 -235.240000 0.0 0 
0.959931
 1 349 349 p_village_202 Zaaga'iganing 2114573 0 0 3 0 0 0 0 0 196.880000 -221.380000 196.880000 -221.380000 196.880000 -221.380000 0.0 0 
0.261799
 1 350 350 p_village_203 Sagenong 2114573 0 0 3 0 0 0 0 0 65.580000 -185.380000 65.580000 -185.380000 65.580000 -185.380000 0.0 0 
0.174533
 1 351 351 p_village_204 Cobechenonk 2114573 0 0 3 0 0 0 0 0 -5.230000 -184.070000 -5.230000 -184.070000 -5.230000 -184.070000 0.0 0 
0.610865
 1 352 352 p_village_205 Mekisewancenonk 2114573 0 0 3 0 0 0 0 0 -6.190000 -177.600000 -6.190000 -177.600000 -6.190000 -177.600000 0.0 0 
2.792527
 1 353 353 p_village_206 Kwikwiyak 2114573 0 0 3 0 0 0 0 0 135.040000 -204.520000 135.040000 -204.520000 135.040000 -204.520000 0.0 0 
1.082104
 1 354 354 p_village_207 Wnaneg-gizs 2114573 0 0 3 0 0 0 0 0 149.700000 -192.420000 149.700000 -192.420000 149.700000 -192.420000 0.0 0 
2.792527
 1 355 355 p_village_208 Zhegagoynak 2114573 0 0 3 0 0 0 0 0 135.510000 -155.110000 135.510000 -155.110000 135.510000 -155.110000 0.0 0 
2.216568
 1 356 356 p_village_209 Sheggwe 2114573 0 0 3 0 0 0 0 0 100.960000 -147.180000 100.960000 -147.180000 100.960000 -147.180000 0.0 0 
6.161012
 1 357 357 p_village_210 Nadowesippi 2114573 0 0 3 0 0 0 0 0 91.250000 -159.010000 91.250000 -159.010000 91.250000 -159.010000 0.0 0 
2.792527
 1 358 358 p_village_211 Wawiatenang 2114573 0 0 3 0 0 0 0 0 62.150000 -160.160000 62.150000 -160.160000 62.150000 -160.160000 0.0 0 
1.117011
 1 359 359 p_village_212 Yowannis 2114573 0 0 3 0 0 0 0 0 148.220000 23.380000 148.220000 23.380000 148.220000 23.380000 0.0 0 
2.356194
 1 360 360 p_village_213 Yashu_Iskitini 2114573 0 0 3 0 0 0 0 0 155.090000 5.020000 155.090000 5.020000 155.090000 5.020000 0.0 0 
3.141593
 1 361 361 p_village_214 Oaka_Loosa 2114573 0 0 3 0 0 0 0 0 105.520000 46.360000 105.520000 46.360000 105.520000 46.360000 0.0 0 
3.490658
 1 362 362 p_village_215 Louckata 2114573 0 0 3 0 0 0 0 0 160.580000 -0.630000 160.580000 -0.630000 160.580000 -0.630000 0.0 0 
2.356194
 1 363 363 p_village_216 Abeka 2114573 0 0 3 0 0 0 0 0 151.620000 -4.200000 151.620000 -4.200000 151.620000 -4.200000 0.0 0 
2.094395
 1 364 364 p_village_217 Ayanabi 2114573 0 0 3 0 0 0 0 0 160.590000 6.070000 160.590000 6.070000 160.590000 6.070000 0.0 0 
0.698132
 1 365 365 p_village_218 Bouctoucoulou 2114573 0 0 3 0 0 0 0 0 152.120000 -0.580000 152.120000 -0.580000 152.120000 -0.580000 0.0 0 
5.235988
 1 366 366 p_village_219 Cuctachas 2114573 0 0 3 0 0 0 0 0 170.490000 7.050000 170.490000 7.050000 170.490000 7.050000 0.0 0 
3.490658
 1 367 367 p_village_220 Mongoulacha 2114573 0 0 3 0 0 0 0 0 152.080000 3.020000 152.080000 3.020000 152.080000 3.020000 0.0 0 
1.221730
 1 368 368 p_village_221 Concha 2114573 0 0 3 0 0 0 0 0 162.820000 12.790000 162.820000 12.790000 162.820000 12.790000 0.0 0 
3.490658
 1 369 369 p_village_222 Pante 2114573 0 0 3 0 0 0 0 0 157.840000 12.340000 157.840000 12.340000 157.840000 12.340000 0.0 0 
1.221730
 1 370 370 p_village_223 Tchokaffala 2114573 0 0 3 0 0 0 0 0 155.660000 -16.600000 155.660000 -16.600000 155.660000 -16.600000 0.0 0 
1.221730
 1 371 371 p_village_224 Tchikoulechasto 2114573 0 0 3 0 0 0 0 0 171.180000 -34.570000 171.180000 -34.570000 171.180000 -34.570000 0.0 0 
1.221730
 1 372 372 p_village_225 Falatchao 2114573 0 0 3 0 0 0 0 0 170.280000 -28.810000 170.280000 -28.810000 170.280000 -28.810000 0.0 0 
1.221730
 1 373 373 p_village_226 Chatelaw 2114573 0 0 3 0 0 0 0 0 168.260000 -21.810000 168.260000 -21.810000 168.260000 -21.810000 0.0 0 
1.221730
 1 374 374 p_village_227 Tokepahce 2114573 0 0 3 0 0 0 0 0 93.560000 -1.990000 93.560000 -1.990000 93.560000 -1.990000 0.0 0 
0.872665
 1 375 375 p_village_228 Cusseta 2114573 0 0 3 0 0 0 0 0 92.260000 34.280000 92.260000 34.280000 92.260000 34.280000 0.0 0 
1.919862
 1 376 376 p_village_229 Talladega 2114573 0 0 3 0 0 0 0 0 105.830000 8.250000 105.830000 8.250000 105.830000 8.250000 0.0 0 
2.094395
 1 377 377 p_village_230 Etowah 2114573 0 0 3 0 0 0 0 0 83.500000 -8.700000 83.500000 -8.700000 83.500000 -8.700000 0.0 0 
0.349066
 1 378 378 p_village_231 Cahawba 2114573 0 0 3 0 0 0 0 0 97.060000 16.000000 97.060000 16.000000 97.060000 16.000000 0.0 0 
1.396263
 1 379 379 p_village_232 Okfuskee 2114573 0 0 3 0 0 0 0 0 105.000000 -3.000000 105.000000 -3.000000 105.000000 -3.000000 0.0 0 
2.356194
 1 380 380 p_village_a irrelevant 269 0 0 3 0 0 0 0 0 233.910000 -303.320000 233.910000 -303.320000 233.910000 -303.320000 0.0 0 
2.356194
 1 381 381 p_village_b irrelevant 269 0 0 3 0 0 0 0 0 180.570000 -262.310000 180.570000 -262.310000 180.570000 -262.310000 0.0 0 
2.356194
 1 382 382 p_village_c irrelevant 269 0 0 3 0 0 0 0 0 85.120000 -217.360000 85.120000 -217.360000 85.120000 -217.360000 0.0 0 
2.356194
 1 383 383 p_village_d irrelevant 269 0 0 3 0 0 0 0 0 112.680000 -163.920000 112.680000 -163.920000 112.680000 -163.920000 0.0 0 
2.356194
 1 384 384 p_village_e irrelevant 269 0 0 3 0 0 0 0 0 97.600000 -133.120000 97.600000 -133.120000 97.600000 -133.120000 0.0 0 
2.356194
 1 385 385 p_village_f irrelevant 269 0 0 3 0 0 0 0 0 188.590000 -244.240000 188.590000 -244.240000 188.590000 -244.240000 0.0 0 
2.356194
 1 386 386 p_village_g irrelevant 269 0 0 3 0 0 0 0 0 2.420000 -118.040000 2.420000 -118.040000 2.420000 -118.040000 0.0 0 
2.356194
 1 387 387 p_village_h irrelevant 269 0 0 3 0 0 0 0 0 -10.970000 -118.910000 -10.970000 -118.910000 -10.970000 -118.910000 0.0 0 
2.356194
 1 388 388 p_village_i irrelevant 269 0 0 3 0 0 0 0 0 -104.150000 -139.260000 -104.150000 -139.260000 -104.150000 -139.260000 0.0 0 
2.356194
 1 389 389 p_village_j irrelevant 269 0 0 3 0 0 0 0 0 -0.030000 -153.590000 -0.030000 -153.590000 -0.030000 -153.590000 0.0 0 
2.356194
 1 390 390 p_village_k irrelevant 269 0 0 3 0 0 0 0 0 59.200000 -157.710000 59.200000 -157.710000 59.200000 -157.710000 0.0 0 
2.356194
 1 391 391 p_village_l irrelevant 269 0 0 3 0 0 0 0 0 106.060000 -47.050000 106.060000 -47.050000 106.060000 -47.050000 0.0 0 
2.356194
 1 392 392 p_village_m irrelevant 269 0 0 3 0 0 0 0 0 -13.340000 -174.530000 -13.340000 -174.530000 -13.340000 -174.530000 0.0 0 
2.356194
 1 393 393 p_village_n irrelevant 269 0 0 3 0 0 0 0 0 123.720000 -122.800000 123.720000 -122.800000 123.720000 -122.800000 0.0 0 
2.356194
 1 394 394 p_village_o irrelevant 269 0 0 3 0 0 0 0 0 2.320000 -157.970000 2.320000 -157.970000 2.320000 -157.970000 0.0 0 
2.356194
 1 395 395 p_village_p irrelevant 269 0 0 3 0 0 0 0 0 -112.860000 -205.890000 -112.860000 -205.890000 -112.860000 -205.890000 0.0 0 
2.356194
 1 396 396 p_village_q irrelevant 269 0 0 3 0 0 0 0 0 -4.860000 -91.670000 -4.860000 -91.670000 -4.860000 -91.670000 0.0 0 
2.356194
 1 397 397 p_village_r irrelevant 269 0 0 3 0 0 0 0 0 349.960000 -349.260000 349.960000 -349.260000 349.960000 -349.260000 0.0 0 
2.356194
 1 398 398 p_village_s irrelevant 269 0 0 3 0 0 0 0 0 126.980000 11.990000 126.980000 11.990000 126.980000 11.990000 0.0 0 
2.356194
 1 399 399 p_fort_1 Moose_Factory 17448 0 0 3 0 0 0 0 0 18.780000 -330.010000 18.780000 -330.010000 18.780000 -330.010000 0.0 0 
2.879793
 1 400 400 p_fort_2 Philipsburg 17448 0 0 3 0 0 0 0 0 -288.560000 256.540000 -288.560000 256.540000 -288.560000 256.540000 0.0 0 
2.879793
 1 401 401 p_fort_3 Fort_La_Reine 17448 0 0 3 0 0 0 0 0 238.190000 -281.420000 238.190000 -281.420000 238.190000 -281.420000 0.0 0 
2.879793
 1 402 402 p_fort_4 Boston_Common 17448 0 0 3 0 0 0 0 0 -158.890000 -159.440000 -158.890000 -159.440000 -158.890000 -159.440000 0.0 0 
2.879793
 1 403 403 p_fort_5 Navassa_Island 17448 0 0 3 0 0 0 0 0 -83.300000 250.770000 -83.300000 250.770000 -83.300000 250.770000 0.0 0 
2.879793
 1 404 404 p_fort_6 Misipawistik 17448 0 0 3 0 0 0 0 0 215.140000 -325.190000 215.140000 -325.190000 215.140000 -325.190000 0.0 0 
2.879793
 1 405 405 p_fort_7 Kitcispirini 17448 0 0 3 0 0 0 0 0 -58.930000 -219.340000 -58.930000 -219.340000 -58.930000 -219.340000 0.0 0 
2.879793
 1 406 406 p_fort_8 Whahktukuk 17448 0 0 3 0 0 0 0 0 -114.410000 -163.390000 -114.410000 -163.390000 -114.410000 -163.390000 0.0 0 
2.879793
 1 407 407 p_fort_9 Nassaw-Weyapee 17448 0 0 3 0 0 0 0 0 27.640000 -61.300000 27.640000 -61.300000 27.640000 -61.300000 0.0 0 
2.879793
 1 408 408 p_fort_10 Grand_Inagua 17448 0 0 3 0 0 0 0 0 -113.080000 206.560000 -113.080000 206.560000 -113.080000 206.560000 0.0 0 
2.879793
 1 409 409 p_fort_11 Davenport_Homestead 17448 0 0 3 0 0 0 0 0 -159.660000 -166.870000 -159.660000 -166.870000 -159.660000 -166.870000 0.0 0 
2.879793
 1 410 410 p_fort_12 Fort_Arsenal 17448 0 0 3 0 0 0 0 0 -104.080000 -144.210000 -104.080000 -144.210000 -104.080000 -144.210000 0.0 0 
2.879793
 1 411 411 p_salt_mine Salt_Mine 2114841 0 0 3 0 0 0 0 0 280.000000 -310.000000 280.000000 -310.000000 280.000000 -310.000000 0.0 0 
1.745329
 1 412 412 p_four_ways_inn Four_Ways_Inn 2114841 0 0 3 0 0 0 0 0 280.000000 -310.000000 280.000000 -310.000000 280.000000 -310.000000 0.0 0 
1.745329
 1 413 413 p_test_scene test_scene 2114841 0 0 3 0 0 0 0 0 280.000000 -310.000000 280.000000 -310.000000 280.000000 -310.000000 0.0 0 
1.745329
 1 414 414 p_battlefields battlefields 2114841 0 0 3 0 0 0 0 0 280.000000 -310.000000 280.000000 -310.000000 280.000000 -310.000000 0.0 0 
1.745329
 1 415 415 p_dhorak_keep Dhorak_Keep 2639129 0 0 3 0 0 0 0 0 280.000000 -310.000000 280.000000 -310.000000 280.000000 -310.000000 0.0 0 
1.745329
 1 416 416 p_training_ground Training_Ground 2114853 0 0 3 0 0 0 0 0 280.000000 -310.000000 280.000000 -310.000000 280.000000 -310.000000 0.0 0 
1.745329
 1 417 417 p_training_ground_1 Training_Field 2118949 0 0 3 0 0 0 0 0 280.000000 -310.000000 280.000000 -310.000000 280.000000 -310.000000 0.0 0 
1.745329
 1 418 418 p_training_ground_2 Training_Field 2118949 0 0 3 0 0 0 0 0 280.000000 -310.000000 280.000000 -310.000000 280.000000 -310.000000 0.0 0 
1.745329
 1 419 419 p_training_ground_3 Training_Field 2118949 0 0 3 0 0 0 0 0 280.000000 -310.000000 280.000000 -310.000000 280.000000 -310.000000 0.0 0 
1.745329
 1 420 420 p_training_ground_4 Training_Field 2118949 0 0 3 0 0 0 0 0 280.000000 -310.000000 280.000000 -310.000000 280.000000 -310.000000 0.0 0 
1.745329
 1 421 421 p_training_ground_5 Training_Field 2118949 0 0 3 0 0 0 0 0 280.000000 -310.000000 280.000000 -310.000000 280.000000 -310.000000 0.0 0 
1.745329
 1 422 422 p_bridge_1 {!}1 541735 0 0 3 0 0 0 0 0 280.000000 -10.000000 280.000000 -10.000000 280.000000 -10.000000 0.0 0 
-1.658063
 1 423 423 p_bridge_2 {!}2 541735 0 0 3 0 0 0 0 0 280.000000 -10.000000 280.000000 -10.000000 280.000000 -10.000000 0.0 0 
1.745329
 1 424 424 p_bridge_3 {!}3 541735 0 0 3 0 0 0 0 0 280.000000 -10.000000 280.000000 -10.000000 280.000000 -10.000000 0.0 0 
2.967060
 1 425 425 p_bridge_4 {!}4 541735 0 0 3 0 0 0 0 0 280.000000 -10.000000 280.000000 -10.000000 280.000000 -10.000000 0.0 0 
-0.453786
 1 426 426 p_bridge_5 {!}5 541735 0 0 3 0 0 0 0 0 280.000000 -10.000000 280.000000 -10.000000 280.000000 -10.000000 0.0 0 
1.832596
 1 427 427 p_bridge_6 {!}6 541735 0 0 3 0 0 0 0 0 280.000000 -10.000000 280.000000 -10.000000 280.000000 -10.000000 0.0 0 
-0.890118
 1 428 428 p_bridge_7 {!}7 541735 0 0 3 0 0 0 0 0 280.000000 -10.000000 280.000000 -10.000000 280.000000 -10.000000 0.0 0 
-1.396263
 1 429 429 p_bridge_8 {!}8 541735 0 0 3 0 0 0 0 0 280.000000 -10.000000 280.000000 -10.000000 280.000000 -10.000000 0.0 0 
0.401426
 1 430 430 p_bridge_9 {!}9 541735 0 0 3 0 0 0 0 0 280.000000 -10.000000 280.000000 -10.000000 280.000000 -10.000000 0.0 0 
-1.396263
 1 431 431 p_bridge_10 {!}10 541735 0 0 3 0 0 0 0 0 280.000000 -10.000000 280.000000 -10.000000 280.000000 -10.000000 0.0 0 
0.837758
 1 432 432 p_bridge_11 {!}11 541735 0 0 3 0 0 0 0 0 280.000000 -10.000000 280.000000 -10.000000 280.000000 -10.000000 0.0 0 
1.815142
 1 433 433 p_bridge_12 {!}12 541735 0 0 3 0 0 0 0 0 280.000000 -10.000000 280.000000 -10.000000 280.000000 -10.000000 0.0 0 
0.698132
 1 434 434 p_bridge_13 {!}13 541735 0 0 3 0 0 0 0 0 280.000000 -10.000000 280.000000 -10.000000 280.000000 -10.000000 0.0 0 
0.942478
 1 435 435 p_bridge_14 {!}14 541735 0 0 3 0 0 0 0 0 280.000000 -10.000000 280.000000 -10.000000 280.000000 -10.000000 0.0 0 
-0.209440
 1 436 436 p_bridge_15 {!}15 541735 0 0 3 0 0 0 0 0 280.000000 -10.000000 280.000000 -10.000000 280.000000 -10.000000 0.0 0 
-0.157080
 1 437 437 p_bridge_16 {!}16 541735 0 0 3 0 0 0 0 0 280.000000 -10.000000 280.000000 -10.000000 280.000000 -10.000000 0.0 0 
1.850049
 1 438 438 p_bridge_17 {!}17 541735 0 0 3 0 0 0 0 0 280.000000 -10.000000 280.000000 -10.000000 280.000000 -10.000000 0.0 0 
0.244346
 1 439 439 p_bridge_18 {!}18 541735 0 0 3 0 0 0 0 0 280.000000 -10.000000 280.000000 -10.000000 280.000000 -10.000000 0.0 0 
1.605703
 1 440 440 p_bridge_19 {!}19 541735 0 0 3 0 0 0 0 0 280.000000 -10.000000 280.000000 -10.000000 280.000000 -10.000000 0.0 0 
1.483530
 1 441 441 p_bridge_20 {!}20 541735 0 0 3 0 0 0 0 0 280.000000 -10.000000 280.000000 -10.000000 280.000000 -10.000000 0.0 0 
-0.209440
 1 442 442 p_bridge_21 {!}21 541735 0 0 3 0 0 0 0 0 280.000000 -10.000000 280.000000 -10.000000 280.000000 -10.000000 0.0 0 
1.413717
 1 443 443 p_bridge_22 {!}22 541735 0 0 3 0 0 0 0 0 280.000000 -10.000000 280.000000 -10.000000 280.000000 -10.000000 0.0 0 
1.012291
 1 444 444 p_bridge_23 {!}23 541735 0 0 3 0 0 0 0 0 280.000000 -10.000000 280.000000 -10.000000 280.000000 -10.000000 0.0 0 
2.522001
 1 445 445 p_bridge_24 {!}24 541735 0 0 3 0 0 0 0 0 280.000000 -10.000000 280.000000 -10.000000 280.000000 -10.000000 0.0 0 
0.890118
 1 446 446 p_bridge_25 {!}25 541735 0 0 3 0 0 0 0 0 280.000000 -10.000000 280.000000 -10.000000 280.000000 -10.000000 0.0 0 
0.296706
 1 447 447 p_bridge_26 {!}26 541735 0 0 3 0 0 0 0 0 280.000000 -10.000000 280.000000 -10.000000 280.000000 -10.000000 0.0 0 
0.287979
 1 448 448 p_bridge_27 {!}27 541735 0 0 3 0 0 0 0 0 280.000000 -10.000000 280.000000 -10.000000 280.000000 -10.000000 0.0 0 
3.019420
 1 449 449 p_bridge_28 {!}28 541735 0 0 3 0 0 0 0 0 280.000000 -10.000000 280.000000 -10.000000 280.000000 -10.000000 0.0 0 
2.548181
 1 450 450 p_bridge_29 {!}29 541735 0 0 3 0 0 0 0 0 280.000000 -10.000000 280.000000 -10.000000 280.000000 -10.000000 0.0 0 
0.558505
 1 451 451 p_bridge_30 {!}30 541735 0 0 3 0 0 0 0 0 280.000000 -10.000000 280.000000 -10.000000 280.000000 -10.000000 0.0 0 
0.628319
 1 452 452 p_bridge_31 {!}31 541735 0 0 3 0 0 0 0 0 280.000000 -10.000000 280.000000 -10.000000 280.000000 -10.000000 0.0 0 
0.331613
 1 453 453 p_bridge_32 {!}32 541735 0 0 3 0 0 0 0 0 280.000000 -10.000000 280.000000 -10.000000 280.000000 -10.000000 0.0 0 
2.373648
 1 454 454 p_bridge_33 {!}33 541735 0 0 3 0 0 0 0 0 280.000000 -10.000000 280.000000 -10.000000 280.000000 -10.000000 0.0 0 
0.209440
 1 455 455 p_bridge_34 {!}34 541735 0 0 3 0 0 0 0 0 280.000000 -10.000000 280.000000 -10.000000 280.000000 -10.000000 0.0 0 
3.071779
 1 456 456 p_bridge_35 {!}35 541735 0 0 3 0 0 0 0 0 280.000000 -10.000000 280.000000 -10.000000 280.000000 -10.000000 0.0 0 
1.535890
 1 457 457 p_bridge_36 {!}36 541735 0 0 3 0 0 0 0 0 280.000000 -10.000000 280.000000 -10.000000 280.000000 -10.000000 0.0 0 
3.752458
 1 458 458 p_bridge_37 {!}37 541735 0 0 3 0 0 0 0 0 280.000000 -10.000000 280.000000 -10.000000 280.000000 -10.000000 0.0 0 
1.378810
 1 459 459 p_bridge_38 {!}38 541735 0 0 3 0 0 0 0 0 280.000000 -10.000000 280.000000 -10.000000 280.000000 -10.000000 0.0 0 
0.349066
 1 460 460 p_bridge_39 {!}39 541735 0 0 3 0 0 0 0 0 280.000000 -10.000000 280.000000 -10.000000 280.000000 -10.000000 0.0 0 
1.623156
 1 461 461 p_bridge_40 {!}40 541735 0 0 3 0 0 0 0 0 280.000000 -10.000000 280.000000 -10.000000 280.000000 -10.000000 0.0 0 
2.600541
 1 462 462 p_bridge_41 {!}41 541735 0 0 3 0 0 0 0 0 280.000000 -10.000000 280.000000 -10.000000 280.000000 -10.000000 0.0 0 
2.548181
 1 463 463 p_bridge_42 {!}42 541735 0 0 3 0 0 0 0 0 280.000000 -10.000000 280.000000 -10.000000 280.000000 -10.000000 0.0 0 
2.722714
 1 464 464 p_bridge_43 {!}43 541735 0 0 3 0 0 0 0 0 280.000000 -10.000000 280.000000 -10.000000 280.000000 -10.000000 0.0 0 
2.809980
 1 465 465 p_bridge_44 {!}44 541735 0 0 3 0 0 0 0 0 280.000000 -10.000000 280.000000 -10.000000 280.000000 -10.000000 0.0 0 
2.583087
 1 466 466 p_bridge_45 {!}45 541735 0 0 3 0 0 0 0 0 280.000000 -10.000000 280.000000 -10.000000 280.000000 -10.000000 0.0 0 
1.518436
 1 467 467 p_looter_spawn_point {!}looter_sp 1280 0 0 2 0 0 0 0 0 34.000000 -114.000000 34.000000 -114.000000 34.000000 -114.000000 0.0 1 543 15 0 0 
0.000000
 1 468 468 p_seto_pirate_spawn_point The_Caribbean 1280 0 0 2 0 0 0 0 0 -107.070000 205.160000 -107.070000 205.160000 -107.070000 205.160000 0.0 1 543 15 0 0 
0.000000
 1 469 469 p_kanto_rebel_spawn_point Ohio_River_Valley 1280 0 0 2 0 0 0 0 0 78.330000 -94.760000 78.330000 -94.760000 78.330000 -94.760000 0.0 1 543 15 0 0 
0.000000
 1 470 470 p_shinano_rebel_spawn_point Appalachia 1280 0 0 2 0 0 0 0 0 10.280000 -89.620000 10.280000 -89.620000 10.280000 -89.620000 0.0 1 543 15 0 0 
0.000000
 1 471 471 p_woku_pirate_spawn_point Acadia 1280 0 0 2 0 0 0 0 0 -234.800000 -219.250000 -234.800000 -219.250000 -234.800000 -219.250000 0.0 1 543 15 0 0 
0.000000
 1 472 472 p_kinai_rebel_spawn_point Basse_Louisiane 1280 0 0 2 0 0 0 0 0 177.590000 12.390000 177.590000 12.390000 177.590000 12.390000 0.0 1 543 15 0 0 
0.000000
 1 473 473 p_monk_rebel_spawn_point Great_Plains 1280 0 0 2 0 0 0 0 0 205.570000 -144.730000 205.570000 -144.730000 205.570000 -144.730000 0.0 1 543 15 0 0 
0.000000
 1 474 474 p_northern_raider_spawn_point Algonquin 1280 0 0 2 0 0 0 0 0 -54.840000 -223.060000 -54.840000 -223.060000 -54.840000 -223.060000 0.0 1 543 15 0 0 
0.000000
 1 475 475 p_spawn_points_end {!}last_spawn_point 1280 0 0 1 0 0 0 0 0 280.000000 -310.000000 280.000000 -310.000000 280.000000 -310.000000 0.0 1 543 15 0 0 
0.000000
 1 476 476 p_reserved_1 {!}last_spawn_point 1280 0 0 1 0 0 0 0 0 280.000000 -310.000000 280.000000 -310.000000 280.000000 -310.000000 0.0 1 543 15 0 0 
0.000000
 1 477 477 p_reserved_2 {!}last_spawn_point 1280 0 0 1 0 0 0 0 0 280.000000 -310.000000 280.000000 -310.000000 280.000000 -310.000000 0.0 1 543 15 0 0 
0.000000
 1 478 478 p_reserved_3 {!}last_spawn_point 1280 0 0 1 0 0 0 0 0 280.000000 -310.000000 280.000000 -310.000000 280.000000 -310.000000 0.0 1 543 15 0 0 
0.000000
 1 479 479 p_reserved_4 {!}last_spawn_point 1280 0 0 1 0 0 0 0 0 280.000000 -310.000000 280.000000 -310.000000 280.000000 -310.000000 0.0 1 543 15 0 0 
0.000000
 1 480 480 p_reserved_5 {!}last_spawn_point 1280 0 0 1 0 0 0 0 0 280.000000 -310.000000 280.000000 -310.000000 280.000000 -310.000000 0.0 1 543 15 0 0 
0.000000
